Parent,Child
1,2
2,2
2,2
2,2
2,2
2,2
2,2
2,2
2,2
2,2
2,2
2,2
2,2
2,2
2,2
2,3
3,3
3,3
3,4
4,5
5,5
5,5
5,5
5,5
5,5
5,5
5,5
5,5
5,5
5,6
6,6
6,6
6,6
6,6
6,6
6,6
6,6
6,6
6,6
6,7
7,7
7,7
7,7
7,7
7,7
7,7
7,7
7,7
7,7
7,7
7,7
7,7
7,7
7,7
7,8
8,8
8,8
8,8
8,8
8,8
8,8
8,8
8,8
8,8
8,8
8,8
8,8
8,8
8,8
8,9
9,9
9,9
9,9
9,9
9,9
9,9
9,9
9,9
9,9
9,9
9,9
9,9
9,9
9,9
9,10
10,10
10,10
10,10
10,10
10,10
10,11
11,11
11,11
11,11
11,11
11,11
11,12
12,12
12,12
12,12
12,12
12,12
12,12
12,12
12,12
12,12
12,12
12,12
12,12
12,12
12,12
12,12
12,12
12,12
12,12
12,12
12,12
12,13
13,13
13,13
13,14
14,14
14,14
14,14
14,14
14,14
14,15
15,16
16,16
16,16
16,16
16,16
16,16
16,16
16,16
16,16
16,16
16,17
17,17
17,17
17,17
17,17
17,17
17,17
17,17
17,17
17,17
17,18
18,18
18,18
18,19
19,19
19,19
19,19
19,19
19,19
19,20
20,21
21,21
21,21
21,21
21,21
21,21
21,21
21,21
21,21
21,21
21,21
21,21
21,21
21,21
21,21
21,21
21,21
21,21
21,21
21,21
21,21
21,22
22,22
22,22
22,23
23,23
23,23
23,23
23,23
23,23
23,23
23,23
23,23
23,23
23,23
23,23
23,23
23,23
23,23
23,24
24,25
25,26
26,26
26,26
26,26
26,26
26,26
26,26
26,26
26,26
26,26
26,27
27,27
27,27
27,27
27,27
27,27
27,27
27,27
27,27
27,27
27,28
28,29
29,29
29,29
29,29
29,29
29,29
29,29
29,29
29,29
29,29
29,29
29,29
29,29
29,29
29,29
29,29
29,29
29,29
29,29
29,29
29,29
29,29
29,29
29,29
29,29
29,29
29,29
29,29
29,29
29,29
29,29
29,29
29,29
29,29
29,29
29,29
29,30
30,30
30,30
30,30
30,30
30,30
30,31
31,32
32,33
33,34
34,34
34,34
34,35
35,35
35,35
35,36
36,37
37,37
37,37
37,38
38,38
38,38
38,38
38,38
38,38
38,38
38,38
38,38
38,38
38,39
39,40
40,41
41,41
41,41
41,41
41,41
41,41
41,42
42,43
43,43
43,43
43,43
43,43
43,43
43,44
44,45
45,46
46,46
46,46
46,47
47,48
48,49
49,49
49,49
49,50
50,50
50,50
50,50
50,50
50,50
50,51
51,52
52,52
52,52
52,53
53,54
54,55
55,55
55,55
55,56
56,57
57,58
58,59
59,59
59,59
59,59
59,59
59,59
59,59
59,59
59,59
59,59
59,59
59,59
59,59
59,59
59,59
59,59
59,59
59,59
59,59
59,59
59,59
59,60
60,60
60,60
60,61
61,62
62,63
63,64
64,64
64,64
64,65
65,66
66,67
67,67
67,67
67,68
68,69
69,70
70,70
70,70
70,71
71,72
72,73
73,73
73,73
73,74
74,75
75,76
76,76
76,76
76,76
76,76
76,76
76,76
76,76
76,76
76,76
76,76
76,76
76,76
76,76
76,76
76,77
77,78
78,79
79,80
80,80
80,80
80,81
81,81
81,81
81,82
82,82
82,82
82,82
82,82
82,82
82,83
83,83
83,83
83,84
84,85
85,85
85,85
85,86
86,86
86,86
86,87
87,87
87,87
87,88
88,88
88,88
88,89
89,89
89,89
89,89
89,89
89,89
89,89
89,89
89,89
89,89
89,89
89,89
89,89
89,89
89,89
89,89
89,89
89,89
89,89
89,89
89,89
89,90
90,91
91,91
91,91
91,91
91,91
91,91
91,91
91,91
91,91
91,91
91,92
92,92
92,92
92,93
93,94
94,94
94,94
94,95
95,96
96,97
97,97
97,97
97,97
97,97
97,97
97,97
97,97
97,97
97,97
97,98
98,98
98,98
98,98
98,98
98,98
98,99
99,99
99,99
99,100
100,100
100,100
100,101
101,102
102,102
102,102
102,102
102,102
102,102
102,102
102,102
102,102
102,102
102,102
102,102
102,102
102,102
102,102
102,102
102,102
102,102
102,102
102,102
102,102
102,102
102,102
102,102
102,102
102,102
102,102
102,102
102,102
102,102
102,102
102,102
102,102
102,102
102,102
102,102
102,102
102,102
102,102
102,102
102,102
102,102
102,102
102,102
102,102
102,102
102,102
102,102
102,102
102,102
102,102
102,102
102,102
102,102
102,102
102,103
103,104
104,104
104,104
104,105
105,106
106,107
107,108
108,109
109,110
110,111
111,112
112,113
113,113
113,113
113,114
114,114
114,114
114,115
115,116
116,117
117,117
117,117
117,117
117,117
117,117
117,118
118,118
118,118
118,118
118,118
118,118
118,118
118,118
118,118
118,118
118,119
119,120
120,120
120,120
120,120
120,120
120,120
120,121
121,121
121,121
121,122
122,122
122,122
122,122
122,122
122,122
122,123
123,123
123,123
123,124
124,125
125,125
125,125
125,126
126,126
126,126
126,126
126,126
126,126
126,127
127,127
127,127
127,128
128,129
129,129
129,129
129,129
129,129
129,129
129,129
129,129
129,129
129,129
129,130
130,130
130,130
130,131
131,132
132,132
132,132
132,133
133,133
133,133
133,133
133,133
133,133
133,133
133,133
133,133
133,133
133,134
134,134
134,134
134,135
135,136
136,137
137,137
137,137
137,138
138,139
139,140
140,140
140,140
140,140
140,140
140,140
140,141
141,141
141,141
141,141
141,141
141,141
141,141
141,141
141,141
141,141
141,142
142,142
142,142
142,142
142,142
142,142
142,142
142,142
142,142
142,142
142,142
142,142
142,142
142,142
142,142
142,143
143,144
144,145
145,146
146,147
147,148
148,148
148,148
148,148
148,148
148,148
148,149
149,149
149,149
149,150
150,150
150,150
150,150
150,150
150,150
150,150
150,150
150,150
150,150
150,150
150,150
150,150
150,150
150,150
150,150
150,150
150,150
150,150
150,150
150,150
150,151
151,152
152,152
152,152
152,152
152,152
152,152
152,152
152,152
152,152
152,152
152,152
152,152
152,152
152,152
152,152
152,153
153,153
153,153
153,153
153,153
153,153
153,153
153,153
153,153
153,153
153,154
154,154
154,154
154,155
155,155
155,155
155,155
155,155
155,155
155,156
156,156
156,156
156,157
157,157
157,157
157,157
157,157
157,157
157,158
158,158
158,158
158,158
158,158
158,158
158,158
158,158
158,158
158,158
158,158
158,158
158,158
158,158
158,158
158,158
158,158
158,158
158,158
158,158
158,158
158,159
159,159
159,159
159,159
159,159
159,159
159,160
160,160
160,160
160,160
160,160
160,160
160,160
160,160
160,160
160,160
160,161
161,161
161,161
161,162
162,163
163,163
163,163
163,164
164,164
164,164
164,165
165,166
166,166
166,166
166,166
166,166
166,166
166,167
167,168
168,168
168,168
168,169
169,170
170,170
170,170
170,171
171,172
172,172
172,172
172,173
173,173
173,173
173,174
174,174
174,174
174,174
174,174
174,174
174,175
175,175
175,175
175,175
175,175
175,175
175,176
176,176
176,176
176,177
177,178
178,178
178,178
178,179
179,180
180,181
181,181
181,181
181,182
182,182
182,182
182,182
182,182
182,182
182,182
182,182
182,182
182,182
182,182
182,182
182,182
182,182
182,182
182,183
183,183
183,183
183,183
183,183
183,183
183,184
184,185
185,185
185,185
185,186
186,186
186,186
186,186
186,186
186,186
186,186
186,186
186,186
186,186
186,186
186,186
186,186
186,186
186,186
186,186
186,186
186,186
186,186
186,186
186,186
186,186
186,186
186,186
186,186
186,186
186,186
186,186
186,186
186,186
186,186
186,186
186,186
186,186
186,186
186,186
186,187
187,188
188,189
189,189
189,189
189,189
189,189
189,189
189,189
189,189
189,189
189,189
189,190
190,190
190,190
190,191
191,191
191,191
191,191
191,191
191,191
191,191
191,191
191,191
191,191
191,192
192,193
193,193
193,193
193,194
194,195
195,196
196,197
197,197
197,197
197,197
197,197
197,197
197,198
198,198
198,198
198,199
199,199
199,199
199,200
200,201
201,202
203,204
205,206
207,208
209,210
211,212
213,214
215,216
217,218
219,220
221,222
223,224
225,226
227,228
229,230
231,232
233,234
235,236
237,238
239,240
241,242
243,244
245,246
247,248
249,250
251,252
253,254
255,256
257,258
259,260
261,262
263,264
265,266
267,268
269,270
271,272
273,274
275,276
277,278
279,280
281,282
283,284
285,286
287,288
289,290
291,292
293,294
295,296
297,298
299,300
301,302
303,304
305,306
307,308
309,310
311,312
313,314
315,316
317,318
319,320
321,322
323,324
325,326
327,328
329,330
331,332
333,334
335,336
337,338
339,340
341,342
343,344
345,346
347,348
349,350
351,352
353,354
355,356
357,358
359,360
361,362
363,364
365,366
367,368
369,370
371,372
373,374
375,376
377,378
379,380
381,382
383,384
385,386
387,388
389,390
391,392
393,394
395,396
397,398
399,400
401,402
403,404
405,406
407,408
409,410
411,412
413,414
415,416
417,418
419,420
421,422
423,424
425,426
427,428
429,430
431,432
433,434
435,436
437,438
439,440
441,442
443,444
445,446
1,2
2,2
2,2
2,3
3,3
3,3
3,4
4,4
4,4
4,156
156,156
156,156
156,12
12,12
12,12
12,5
5,5
16,16
16,6
6,7
7,7
7,7
23,23
23,23
23,28
28,28
28,28
8,8
8,8
8,13
13,13
13,13
9,9
9,9
9,131
131,131
131,131
138,138
138,138
138,18
18,18
18,18
18,11
11,11
11,11
11,15
15,15
15,15
15,38
38,38
38,38
38,10
10,10
10,10
10,47
47,47
47,47
47,68
68,68
68,68
68,25
25,25
25,25
25,51
51,51
51,51
51,90
90,90
90,90
90,27
27,27
27,27
27,77
77,77
77,77
77,14
14,14
14,14
14,62
62,62
62,62
62,80
80,80
80,80
80,122
122,122
122,58
58,58
58,64
64,64
64,43
43,43
43,118
118,118
118,20
20,20
20,21
21,21
21,21
21,21
69,69
69,69
69,69
69,132
132,132
132,132
132,132
22,22
22,22
22,22
22,98
98,98
98,98
98,98
19,19
19,19
19,19
19,17
17,17
35,35
35,33
33,33
33,42
42,42
42,79
79,79
79,29
29,100
100,100
100,100
99,99
99,99
99,89
89,89
89,89
26,26
26,26
26,65
65,65
65,65
134,134
134,134
134,163
163,163
163,163
48,48
48,48
48,105
105,105
24,24
24,72
72,72
72,106
106,106
106,108
108,108
108,50
50,109
109,109
109,109
109,109
41,41
41,41
41,41
41,34
34,34
34,34
34,34
66,66
66,66
66,66
66,40
40,40
40,40
40,40
31,31
31,31
31,31
31,53
53,53
78,78
78,30
30,30
30,30
30,32
32,32
32,32
32,73
73,73
73,73
73,36
36,36
36,36
36,75
75,75
75,75
75,37
37,46
46,74
74,74
74,74
57,57
57,57
57,39
39,39
39,39
117,117
117,117
117,130
130,130
130,130
67,67
67,67
67,91
91,91
91,91
70,70
70,70
70,83
83,87
87,87
87,87
87,87
87,87
45,45
45,45
45,45
45,45
45,120
120,120
120,120
120,120
120,120
44,44
44,44
44,44
44,44
44,137
137,137
137,137
137,137
137,137
86,86
86,86
86,86
86,86
86,126
126,126
126,126
126,126
126,126
52,52
52,52
52,52
52,52
52,49
49,49
49,107
107,107
107,60
60,60
60,200
200,56
56,54
54,55
55,55
88,88
88,93
93,93
61,61
61,210
210,116
116,116
71,71
71,63
63,63
63,63
76,76
76,76
76,111
111,111
111,111
59,59
59,59
59,102
102,110
110,97
97,97
97,148
148,148
148,92
92,92
92,104
104,168
168,168
168,96
96,96
96,103
103,103
103,94
94,95
95,123
123,123
158,158
158,84
84,82
82,81
81,81
85,85
85,154
154,154
154,143
143,143
143,125
125,125
125,198
198,119
119,119
152,152
152,177
177,124
124,101
101,101
146,146
146,127
127,181
181,176
176,114
114,114
114,114
114,114
140,140
140,140
140,140
140,128
128,128
128,128
128,128
157,157
157,157
157,157
157,167
167,167
167,167
167,167
139,139
139,139
139,139
139,185
185,185
112,112
112,113
113,133
133,115
115,135
135,135
160,160
160,161
161,129
129,121
121,121
213,213
213,141
141,229
229,188
188,188
159,159
159,165
165,136
136,149
149,149
153,153
153,144
144,142
142,174
174,174
174,174
174,191
191,191
191,191
191,172
172,172
172,172
172,164
164,164
164,164
164,145
145,145
145,145
145,223
223,300
300,150
150,169
169,169
147,147
147,225
225,225
151,151
151,183
183,183
183,155
155,155
155,193
193,193
193,259
259,259
187,187
187,162
162,226
226,226
186,186
186,170
170,170
166,166
166,189
189,189
178,178
178,179
179,179
196,196
196,171
171,171
171,171
171,171
202,202
202,202
202,202
202,255
255,255
255,255
255,255
227,227
227,227
227,227
227,215
215,215
215,215
215,215
204,204
204,204
204,204
204,173
173,175
175,175
175,175
182,182
182,182
182,199
199,199
199,199
184,184
184,184
184,221
221,221
180,180
180,220
220,190
190,190
195,195
195,208
208,201
201,219
219,219
219,219
214,214
214,214
214,228
228,228
228,228
212,212
212,212
212,194
194,194
194,209
209,209
209,207
207,207
207,197
197,197
192,192
192,217
217,217
203,203
203,206
206,240
240,240
240,240
240,240
240,240
240,240
205,205
205,205
205,205
205,205
205,205
205,218
218,218
218,218
218,218
218,218
218,218
231,231
231,231
231,231
231,231
231,231
231,267
267,267
267,267
267,267
267,267
267,267
234,234
234,234
234,234
234,234
234,234
234,230
230,230
230,230
230,230
230,230
230,230
440,440
440,440
440,440
440,440
440,440
440,278
278,278
278,278
278,278
278,278
278,278
216,216
216,216
216,216
216,216
216,216
216,211
211,238
238,238
254,254
254,241
241,222
222,237
237,233
233,242
242,224
224,235
235,310
310,232
232,232
252,252
252,302
302,302
236,236
236,251
251,239
239,260
260,260
260,262
262,262
262,409
409,409
409,244
244,244
244,244
265,265
265,265
265,258
258,258
258,258
248,248
248,248
248,349
349,261
261,261
261,243
243,243
243,247
247,247
247,245
245,245
257,257
257,346
346,346
346,321
321,321
321,269
269,269
269,246
246,246
270,270
270,305
305,250
250,250
249,249
249,263
263,263
263,253
253,253
253,274
274,274
274,256
256,256
291,291
291,268
268,272
272,272
272,272
275,275
275,275
275,287
287,287
287,287
282,282
282,282
282,264
264,264
335,335
335,324
324,383
383,383
293,293
293,273
273,273
273,273
276,276
276,276
276,315
315,315
315,315
297,297
297,297
297,342
342,342
266,266
266,283
283,271
271,281
281,281
299,299
299,341
341,330
330,285
285,285
285,306
306,306
306,279
279,279
279,284
284,284
284,284
292,292
292,292
292,314
314,314
314,314
298,298
298,298
298,280
280,280
280,280
280,277
277,277
277,277
277,296
296,296
296,296
296,316
316,316
316,316
316,288
288,288
288,288
288,417
417,290
290,375
375,301
301,355
355,289
289,289
289,286
286,286
286,294
294,294
294,326
326,326
344,344
344,312
312,312
312,312
312,312
358,358
358,358
358,358
358,311
311,311
311,311
311,311
307,307
307,307
307,307
307,304
304,304
304,304
304,304
337,337
337,337
337,337
337,295
295,412
412,412
412,412
412,333
333,333
333,333
333,328
328,328
328,328
328,340
340,340
340,340
340,382
382,382
382,382
382,367
367,367
367,367
320,320
320,320
320,362
362,362
362,362
393,393
393,393
393,420
420,420
353,353
353,319
319,319
319,343
343,343
343,322
322,322
322,303
303,303
414,414
414,336
336,336
336,370
370,370
370,308
308,308
308,331
331,331
331,331
331,331
338,338
338,338
338,338
338,348
348,348
348,348
348,348
345,345
345,345
345,345
345,329
329,329
329,329
329,329
309,309
309,309
309,309
309,384
384,384
384,373
373,373
373,323
323,323
323,313
313,313
313,313
361,361
361,361
361,439
439,439
439,439
436,436
436,436
436,352
352,352
363,363
363,317
317,357
357,357
318,318
318,332
332,332
356,356
356,327
327,325
325,325
325,389
389,389
389,334
334,334
334,339
339,435
435,435
381,381
381,442
442,351
351,351
368,368
368,416
416,350
350,350
398,398
398,347
347,347
366,366
366,388
388,388
388,371
371,371
371,359
359,359
359,360
360,360
360,365
365,365
365,369
369,369
369,354
354,354
423,423
423,385
385,364
364,364
394,394
394,372
372,403
403,390
390,390
380,380
380,411
411,411
411,411
411,415
415,415
415,415
415,386
386,386
386,386
386,376
376,376
376,376
376,374
374,374
374,374
374,379
379,379
379,387
387,387
387,377
377,377
377,378
378,432
432,432
407,407
407,392
392,392
392,392
392,392
392,392
396,396
396,396
396,396
396,396
396,391
391,391
391,391
391,391
391,391
430,430
430,430
430,430
430,430
430,401
401,401
401,401
401,401
401,401
429,429
429,429
429,429
429,429
429,395
395,395
395,395
395,395
395,395
427,427
427,427
427,427
427,427
427,405
405,402
402,445
445,445
445,445
425,425
425,425
425,419
419,419
419,419
397,397
397,397
397,424
424,424
399,399
399,434
434,434
434,434
400,400
400,400
400,404
404,404
404,404
418,418
418,418
418,406
406,426
426,426
410,410
410,444
444,437
437,443
443,413
413,413
413,408
408,408
408,422
422,422
422,433
433,433
428,428
428,421
421,421
431,431
431,441
441,438
