Parent,Child
1,2
2,2
2,2
2,2
2,2
2,2
2,2
2,2
2,2
2,2
2,2
2,2
2,2
2,2
2,2
2,3
3,3
3,3
3,3
3,3
3,3
3,4
4,4
4,4
4,4
4,4
4,4
4,4
4,4
4,4
4,4
4,5
5,5
5,5
5,5
5,5
5,5
5,5
5,5
5,5
5,5
5,6
6,7
7,8
8,8
8,8
8,9
9,9
9,9
9,10
10,11
11,11
11,11
11,11
11,11
11,11
11,12
12,13
13,13
13,13
13,13
13,13
13,13
13,13
13,13
13,13
13,13
13,13
13,13
13,13
13,13
13,13
13,13
13,13
13,13
13,13
13,13
13,13
13,14
14,15
15,15
15,15
15,16
16,16
16,16
16,17
17,17
17,17
17,18
18,18
18,18
18,18
18,18
18,18
18,19
19,20
20,21
21,22
22,23
23,24
24,25
25,26
26,27
27,27
27,27
27,27
27,27
27,27
27,28
28,28
28,28
28,28
28,28
28,28
28,28
28,28
28,28
28,28
28,28
28,28
28,28
28,28
28,28
28,28
28,28
28,28
28,28
28,28
28,28
28,29
29,29
29,29
29,29
29,29
29,29
29,30
30,31
31,31
31,31
31,31
31,31
31,31
31,31
31,31
31,31
31,31
31,32
32,32
32,32
32,33
33,34
34,34
34,34
34,34
34,34
34,34
34,34
34,34
34,34
34,34
34,35
35,35
35,35
35,35
35,35
35,35
35,35
35,35
35,35
35,35
35,35
35,35
35,35
35,35
35,35
35,35
35,35
35,35
35,35
35,35
35,35
35,35
35,35
35,35
35,35
35,35
35,35
35,35
35,36
36,36
36,36
36,36
36,36
36,36
36,36
36,36
36,36
36,36
36,37
37,37
37,37
37,38
38,39
39,39
39,39
39,39
39,39
39,39
39,39
39,39
39,39
39,39
39,39
39,39
39,39
39,39
39,39
39,39
39,39
39,39
39,39
39,39
39,39
39,39
39,39
39,39
39,39
39,39
39,39
39,39
39,40
40,40
40,40
40,40
40,40
40,40
40,41
41,42
42,42
42,42
42,42
42,42
42,42
42,43
43,43
43,43
43,43
43,43
43,43
43,43
43,43
43,43
43,43
43,43
43,43
43,43
43,43
43,43
43,44
44,44
44,44
44,44
44,44
44,44
44,44
44,44
44,44
44,44
44,45
45,45
45,45
45,45
45,45
45,45
45,46
46,47
47,48
48,49
49,49
49,49
49,50
50,50
50,50
50,50
50,50
50,50
50,50
50,50
50,50
50,50
50,51
51,52
52,53
53,53
53,53
53,53
53,53
53,53
53,53
53,53
53,53
53,53
53,53
53,53
53,53
53,53
53,53
53,54
54,55
55,55
55,55
55,56
56,57
57,58
58,58
58,58
58,58
58,58
58,58
58,59
59,60
60,61
61,62
62,62
62,62
62,62
62,62
62,62
62,63
63,63
63,63
63,64
64,65
65,65
65,65
65,65
65,65
65,65
65,66
66,66
66,66
66,66
66,66
66,66
66,67
67,67
67,67
67,67
67,67
67,67
67,67
67,67
67,67
67,67
67,67
67,67
67,67
67,67
67,67
67,67
67,67
67,67
67,67
67,67
67,67
67,67
67,67
67,67
67,67
67,67
67,67
67,67
67,68
68,69
69,70
70,71
71,71
71,71
71,72
72,73
73,74
74,74
74,74
74,74
74,74
74,74
74,74
74,74
74,74
74,74
74,74
74,74
74,74
74,74
74,74
74,74
74,74
74,74
74,74
74,74
74,74
74,74
74,74
74,74
74,74
74,74
74,74
74,74
74,74
74,74
74,74
74,74
74,74
74,74
74,74
74,74
74,74
74,74
74,74
74,74
74,74
74,74
74,74
74,74
74,74
74,74
74,74
74,74
74,74
74,74
74,74
74,74
74,74
74,74
74,74
74,74
74,74
74,74
74,74
74,74
74,74
74,74
74,74
74,74
74,74
74,74
74,74
74,74
74,74
74,74
74,74
74,74
74,74
74,74
74,74
74,74
74,74
74,74
74,74
74,74
74,74
74,74
74,74
74,74
74,74
74,74
74,74
74,74
74,74
74,74
74,74
74,75
75,75
75,75
75,75
75,75
75,75
75,76
76,77
77,78
78,78
78,78
78,78
78,78
78,78
78,79
79,79
79,79
79,79
79,79
79,79
79,80
80,81
81,82
82,82
82,82
82,83
83,83
83,83
83,84
84,85
85,86
86,86
86,86
86,87
87,87
87,87
87,87
87,87
87,87
87,88
88,88
88,88
88,88
88,88
88,88
88,88
88,88
88,88
88,88
88,88
88,88
88,88
88,88
88,88
88,88
88,88
88,88
88,88
88,88
88,88
88,88
88,88
88,88
88,88
88,88
88,88
88,88
88,88
88,88
88,88
88,88
88,88
88,88
88,88
88,88
88,89
89,89
89,89
89,90
90,90
90,90
90,91
91,91
91,91
91,91
91,91
91,91
91,91
91,91
91,91
91,91
91,91
91,91
91,91
91,91
91,91
91,91
91,91
91,91
91,91
91,91
91,91
91,91
91,91
91,91
91,91
91,91
91,91
91,91
91,91
91,91
91,91
91,91
91,91
91,91
91,91
91,91
91,91
91,91
91,91
91,91
91,91
91,91
91,91
91,91
91,91
91,91
91,91
91,91
91,91
91,91
91,91
91,91
91,91
91,91
91,91
91,92
92,93
93,94
94,94
94,94
94,94
94,94
94,94
94,94
94,94
94,94
94,94
94,95
95,95
95,95
95,96
96,97
97,98
98,98
98,98
98,98
98,98
98,98
98,99
99,100
100,101
101,101
101,101
101,101
101,101
101,101
101,102
102,103
103,103
103,103
103,104
104,105
105,105
105,105
105,106
106,106
106,106
106,106
106,106
106,106
106,107
107,107
107,107
107,107
107,107
107,107
107,107
107,107
107,107
107,107
107,107
107,107
107,107
107,107
107,107
107,108
108,109
109,110
110,110
110,110
110,111
111,112
112,112
112,112
112,112
112,112
112,112
112,113
113,113
113,113
113,114
114,115
115,116
116,117
117,118
118,118
118,118
118,119
119,120
120,121
121,122
122,123
123,124
124,125
125,126
126,126
126,126
126,126
126,126
126,126
126,127
127,128
128,128
128,128
128,129
129,130
130,131
131,132
132,133
133,133
133,133
133,133
133,133
133,133
133,133
133,133
133,133
133,133
133,134
134,135
135,136
136,137
137,138
138,138
138,138
138,139
139,140
140,140
140,140
140,141
141,141
141,141
141,141
141,141
141,141
141,141
141,141
141,141
141,141
141,141
141,141
141,141
141,141
141,141
141,142
142,142
142,142
142,142
142,142
142,142
142,142
142,142
142,142
142,142
142,142
142,142
142,142
142,142
142,142
142,142
142,142
142,142
142,142
142,142
142,142
142,142
142,142
142,142
142,142
142,142
142,142
142,142
142,143
143,144
144,145
145,146
146,147
147,148
148,148
148,148
148,149
149,149
149,149
149,150
150,150
150,150
150,150
150,150
150,150
150,150
150,150
150,150
150,150
150,150
150,150
150,150
150,150
150,150
150,150
150,150
150,150
150,150
150,150
150,150
150,151
151,152
152,152
152,152
152,153
153,153
153,153
153,154
154,155
155,156
156,157
157,158
158,159
159,159
159,159
159,160
160,160
160,160
160,161
161,161
161,161
161,162
162,162
162,162
162,163
163,164
164,165
165,166
166,166
166,166
166,166
166,166
166,166
166,166
166,166
166,166
166,166
166,166
166,166
166,166
166,166
166,166
166,167
167,167
167,167
167,168
168,168
168,168
168,169
169,169
169,169
169,169
169,169
169,169
169,169
169,169
169,169
169,169
169,170
170,171
171,171
171,171
171,172
172,173
173,173
173,173
173,174
174,174
174,174
174,175
175,175
175,175
175,175
175,175
175,175
175,175
175,175
175,175
175,175
175,175
175,175
175,175
175,175
175,175
175,175
175,175
175,175
175,175
175,175
175,175
175,175
175,175
175,175
175,175
175,175
175,175
175,175
175,175
175,175
175,175
175,175
175,175
175,175
175,175
175,175
175,175
175,175
175,175
175,175
175,175
175,175
175,175
175,175
175,175
175,175
175,175
175,175
175,175
175,175
175,175
175,175
175,175
175,175
175,175
175,175
175,175
175,175
175,175
175,175
175,175
175,175
175,175
175,175
175,175
175,175
175,176
176,176
176,176
176,177
177,178
178,179
179,179
179,179
179,180
180,180
180,180
180,180
180,180
180,180
180,181
181,182
182,183
183,184
184,184
184,184
184,184
184,184
184,184
184,185
185,186
186,186
186,186
186,186
186,186
186,186
186,186
186,186
186,186
186,186
186,186
186,186
186,186
186,186
186,186
186,186
186,186
186,186
186,186
186,186
186,186
186,187
187,187
187,187
187,188
188,188
188,188
188,189
189,190
190,191
191,192
192,192
192,192
192,192
192,192
192,192
192,193
193,194
194,195
195,195
195,195
195,196
196,197
197,197
197,197
197,198
198,198
198,198
198,199
199,199
199,199
199,200
200,201
202,203
204,205
206,207
208,209
210,211
212,213
214,215
216,217
218,219
220,221
222,223
224,225
226,227
228,229
230,231
232,233
234,235
236,237
238,239
240,241
242,243
244,245
246,247
248,249
250,251
252,253
254,255
256,257
258,259
260,261
262,263
264,265
266,267
268,269
270,271
272,273
274,275
276,277
278,279
280,281
282,283
284,285
286,287
288,289
290,291
292,293
294,295
296,297
298,299
300,301
302,303
304,305
306,307
308,309
310,311
312,313
314,315
316,317
318,319
320,321
322,323
324,325
326,327
328,329
330,331
332,333
334,335
336,337
338,339
340,341
342,343
344,345
346,347
348,349
350,351
352,353
354,355
356,357
358,359
360,361
362,363
364,365
366,367
368,369
370,371
372,373
374,375
376,377
378,379
380,381
382,383
384,385
386,387
388,389
390,391
392,393
394,395
396,397
398,399
400,401
402,403
404,405
406,407
408,409
410,411
412,413
414,415
416,417
418,419
420,421
422,423
424,425
426,427
428,429
430,431
1,2
2,2
2,2
2,3
3,3
3,3
3,12
12,12
12,12
12,5
5,5
5,5
5,11
11,11
11,11
11,7
7,7
7,17
17,17
17,10
10,10
10,175
175,175
175,175
4,4
4,4
4,26
26,26
26,26
69,69
69,69
69,6
6,6
6,6
9,9
9,9
9,13
13,13
13,13
8,8
8,8
8,16
16,19
19,15
15,15
22,22
22,14
14,14
65,65
65,68
68,27
27,27
27,18
18,18
18,29
29,29
29,48
48,31
31,31
31,31
31,31
24,24
24,24
24,24
24,21
21,21
21,21
21,21
39,39
39,39
39,39
39,25
25,25
25,25
25,25
28,28
28,28
28,28
28,20
20,41
41,41
83,83
83,170
170,170
35,35
35,23
23,23
32,32
32,34
34,34
34,36
36,36
36,43
43,43
43,33
33,108
108,30
30,112
112,88
88,38
38,37
37,210
210,90
90,90
90,64
64,64
64,40
40,40
40,79
79,79
79,79
79,79
42,42
42,42
42,42
42,60
60,60
60,60
60,60
84,84
84,84
84,84
84,50
50,50
50,50
50,50
49,49
49,49
49,49
49,46
46,46
46,44
44,44
44,45
45,45
45,59
59,98
98,98
98,98
47,47
47,47
47,66
66,66
66,66
97,97
97,97
97,128
128,128
104,104
104,71
71,270
270,270
270,270
51,51
51,51
51,132
132,132
132,132
77,77
77,77
77,58
58,58
58,58
58,58
58,80
80,80
80,80
80,80
80,57
57,57
57,57
57,57
57,74
74,74
74,74
74,74
74,53
53,53
53,53
53,53
53,52
52,52
52,52
52,52
52,70
70,70
70,70
70,70
70,73
73,73
73,73
54,54
54,54
54,206
206,206
206,206
147,147
147,147
147,55
55,55
76,76
76,56
56,114
114,114
114,114
114,114
114,75
75,75
75,75
75,75
75,96
96,96
96,96
96,96
96,95
95,95
95,95
95,95
95,113
113,113
113,113
113,113
113,85
85,85
85,85
85,85
85,152
152,152
152,152
152,152
152,81
81,81
81,63
63,63
63,78
78,78
78,137
137,61
61,61
61,126
126,126
126,107
107,107
107,194
194,194
194,194
194,145
145,145
145,145
145,133
133,133
133,133
133,129
129,129
129,129
129,100
100,100
100,100
100,101
101,101
101,101
67,67
67,67
67,62
62,62
62,62
156,156
156,156
156,192
192,192
192,199
199,199
199,111
111,111
111,120
120,257
257,86
86,248
248,248
157,157
157,116
116,116
116,116
91,91
91,91
91,72
72,72
72,72
165,165
165,165
165,131
131,93
93,89
89,89
89,89
89,94
94,94
94,94
94,151
151,151
151,151
151,103
103,103
103,103
103,124
124,124
124,124
124,87
87,230
230,230
82,82
82,267
267,105
105,127
127,127
127,160
160,160
160,115
115,115
115,92
92,268
268,179
179,102
102,102
102,177
177,177
177,142
142,142
142,118
118,118
99,99
99,191
191,106
106,106
106,146
146,146
146,166
166,166
166,109
109,109
109,125
125,125
125,135
135,135
135,265
265,265
265,265
265,265
265,164
164,164
164,164
164,164
164,122
122,122
122,122
122,122
122,130
130,130
130,130
130,130
130,110
110,110
110,110
110,110
110,117
117,117
117,117
117,117
117,250
250,250
250,250
250,250
250,119
119,284
284,214
214,306
306,306
121,121
121,276
276,140
140,123
123,123
123,123
123,123
123,123
123,123
123,123
123,148
148,148
148,148
148,148
148,148
148,148
148,148
148,174
174,174
174,174
174,174
174,174
174,174
174,174
174,163
163,163
163,163
163,163
163,163
163,163
163,163
163,134
134,134
134,134
134,134
134,134
134,134
134,134
134,139
139,139
139,139
139,139
139,139
139,139
139,139
139,153
153,153
153,153
153,153
153,153
153,153
153,153
153,141
141,141
141,141
141,141
141,141
141,141
141,141
141,150
150,150
150,150
150,150
150,150
150,150
150,150
150,185
185,185
185,185
185,185
185,185
185,185
185,185
185,187
187,187
187,187
187,187
187,187
187,187
187,187
187,229
229,229
229,229
229,229
229,229
229,229
229,229
229,149
149,149
149,149
149,149
149,149
149,149
149,149
149,161
161,161
161,144
144,144
144,154
154,154
154,186
186,309
309,205
205,205
205,190
190,190
190,138
138,138
138,180
180,180
180,136
136,136
136,159
159,159
159,322
322,285
285,235
235,235
143,143
143,237
237,237
256,256
256,273
273,181
181,155
155,155
189,189
189,238
238,238
238,244
244,244
244,231
231,231
231,219
219,219
219,219
219,219
219,219
209,209
209,209
209,209
209,209
209,167
167,167
167,167
167,167
167,167
169,169
169,169
169,169
169,169
169,197
197,197
197,197
197,197
197,197
252,252
252,252
252,252
252,252
252,204
204,204
204,204
204,204
204,204
182,182
182,182
182,182
182,182
182,402
402,402
410,410
410,236
236,236
207,207
207,201
201,201
201,201
201,201
201,201
201,201
172,172
172,172
172,172
172,172
172,172
172,168
168,168
168,168
168,168
168,168
168,168
162,162
162,162
162,162
162,162
162,162
162,226
226,226
226,226
226,226
226,226
226,226
176,176
176,176
176,176
176,176
176,176
176,297
297,297
297,297
297,297
297,297
297,297
173,173
173,173
173,173
173,173
173,173
173,212
212,212
212,212
212,212
212,212
212,212
243,243
243,243
243,243
243,243
243,243
243,228
228,158
158,291
291,291
291,291
232,232
232,232
232,262
262,262
262,262
203,203
203,203
203,342
342,342
272,272
272,171
171,279
279,184
184,184
184,215
215,215
215,239
239,239
239,208
208,193
193,224
224,224
224,178
178,178
178,183
183,183
183,247
247,233
233,233
188,188
188,253
253,330
330,330
329,329
329,245
245,245
245,336
336,336
336,310
310,310
310,240
240,240
240,240
240,299
299,299
299,299
299,195
195,195
195,195
195,234
234,234
234,234
234,216
216,216
216,216
216,300
300,294
294,220
220,220
325,325
325,196
196,198
198,198
198,200
200,200
200,217
217,217
217,202
202,202
223,223
223,221
221,302
302,328
328,213
213,255
255,255
227,227
227,286
286,211
211,305
305,246
246,218
218,258
258,251
251,222
222,222
222,347
347,347
347,314
314,314
314,225
225,249
249,249
296,296
296,261
261,288
288,319
319,283
283,292
292,292
292,292
259,259
259,259
259,295
295,295
295,295
311,311
311,311
311,275
275,290
290,242
242,241
241,271
271,271
280,280
280,315
315,289
289,289
281,281
281,321
321,321
321,321
321,349
349,349
349,349
349,263
263,263
263,263
263,274
274,274
274,274
274,353
353,353
353,353
353,260
260,260
260,260
260,260
260,264
264,264
264,264
264,264
264,269
269,269
269,269
269,269
269,303
303,303
303,303
303,303
303,326
326,326
326,326
326,326
326,254
254,254
254,254
254,254
254,282
282,282
282,282
282,282
282,324
324,359
359,266
266,332
332,293
293,318
318,318
277,277
277,313
313,313
337,337
337,278
278,278
278,278
278,278
408,408
408,408
408,408
408,301
301,301
301,301
301,301
382,382
382,382
382,382
382,348
348,348
348,348
348,348
377,377
377,377
377,377
377,327
327,312
312,312
323,323
323,366
366,366
381,381
381,308
308,287
287,343
343,298
298,320
320,304
304,304
307,307
307,360
360,360
317,317
317,385
385,385
354,354
354,333
333,333
316,316
316,331
331,351
351,384
384,341
341,341
341,341
341,370
370,370
370,370
370,358
358,358
358,358
358,339
339,339
339,339
339,335
335,335
335,335
335,334
334,334
346,346
346,340
340,340
338,338
338,345
345,345
345,345
362,362
362,362
362,344
344,344
344,344
356,356
356,356
356,363
363,376
376,376
374,374
374,357
357,369
369,369
361,361
361,425
425,425
388,388
388,350
350,350
350,350
350,350
350,350
350,350
350,372
372,372
372,372
372,372
372,372
372,372
372,352
352,352
352,352
352,352
352,352
352,352
352,392
392,392
392,392
392,392
392,392
392,392
392,371
371,371
371,371
371,371
371,371
371,371
371,364
364,364
364,364
364,364
364,364
364,364
364,373
373,373
373,373
373,373
373,373
373,373
373,368
368,368
368,368
368,368
368,368
368,368
368,375
375,375
375,375
375,375
375,375
375,375
375,355
355,355
355,355
355,355
355,355
355,355
355,386
386,386
386,386
386,386
386,386
386,386
386,383
383,383
429,429
429,401
401,427
427,365
365,365
378,378
378,428
428,428
428,367
367,367
367,414
414,414
414,379
379,391
391,389
389,380
380,380
380,407
407,407
407,418
418,418
418,404
404,387
387,387
387,387
387,387
430,430
430,430
430,430
430,399
399,399
399,399
399,399
413,413
413,413
413,413
413,405
405,405
405,405
405,405
397,397
397,397
397,397
397,390
390,390
396,396
396,406
406,406
395,395
395,398
398,422
422,400
400,393
393,393
393,394
394,394
394,417
417,417
417,423
423,415
415,403
403,403
412,412
412,421
421,411
411,411
409,409
409,420
420,420
416,416
416,419
419,419
426,426
426,424
